-2.048284170764629319e-01
5.185144398341323679e-01
-2.872505717463043062e-01
-8.214468633010953980e-01
-5.077032858342471755e-01
3.956559341495773374e-01
-1.423439323083743879e-01
-8.952188116820143371e-01
-7.284269689796269986e-01
7.576696665927706853e-02
-3.711117152295830834e-01
7.234211522194118338e-01
4.915943209199435948e-01
1.896773972677101572e-01
6.723961253051879972e-02
-7.302591078506728284e-01
-8.625828990602157909e-02
-2.416293663456878793e-01
-6.698071259274178679e-01
1.740322520779953308e-01
4.471427871308852886e-01
7.664240688581158700e-02
-7.732789707017704295e-01
-4.347613295713683712e-01
2.158267560963933462e-01
6.091259350974924658e-01
8.122407744793169737e-01
-1.290921043405335311e-01
7.364586736142288981e-01
-7.736393997297494884e-01
9.581518630475309717e-01
-5.659185325135460687e-01
6.525513952055450595e-01
-5.749191393606942757e-01
6.680357179840059612e-01
-9.619483916978217586e-01
4.671982021413092490e-01
4.344646787504482521e-01
-6.440640060657114585e-01
-6.475619831507644086e-01
6.438827041252603856e-01
-4.722429974895907545e-01
-9.536160266607331959e-01
5.362612578824295095e-01
-5.676816880938362342e-01
-2.626650321077437233e-01
7.866616806750215130e-01
1.978587991390625689e-01
1.344989040555117921e-01
7.142700422283139172e-01
3.175055055130810988e-01
8.190842292111681910e-01
-9.514753651178986527e-01
2.421638462663011637e-02
2.756397361601596874e-01
2.157492640550890961e-01
3.209010917308687816e-01
-9.426379245980358590e-01
7.746428755630816454e-01
5.016791789208685515e-01
9.223923543510592626e-01
7.026273720134770251e-01
3.660766077464217005e-01
-5.177718795344727898e-01
6.876438704918725886e-01
5.525949473122933053e-01
-9.594390666914651700e-01
5.368190942498141105e-01
-7.417740446326379633e-01
-3.063626772041943003e-01
4.288811540415804480e-02
-1.973880316702025794e-01
-3.048559624720736938e-01
-5.292876415071077201e-01
-6.141749830713678637e-01
6.019032078918071793e-01
8.489536529309920088e-01
4.601491040397065468e-02
-4.247737183998065991e-01
-2.215671539855250671e-01
8.475464460932966571e-01
-1.895009211404732330e-01
8.785505877810713127e-01
-5.457476622937063038e-01
4.879351912684088965e-01
-8.025687954157594284e-01
-9.559652013661128489e-01
-5.397286523494102539e-01
6.291109139066941580e-02
-6.183269814538212561e-01
8.773197337166729337e-01
3.220824052853465957e-02
5.326613910500694882e-01
-1.683607597855107940e-01
-3.915081888699769586e-01
-6.855680833775641414e-01
-8.439613512559385189e-01
-7.325578464685067459e-01
8.807575566417793489e-01
4.359824707883339645e-01
2.758118001968172806e-01
7.463824829804561745e-01
8.587351635411950568e-01
6.134415505113592904e-01
-1.330097116098536425e-01
3.721819267569801415e-01
-6.301214745655232541e-01
6.561132703567609248e-01
-8.770113413960605175e-01
4.365014169780256914e-01
-8.853411093609735438e-01
-2.944698025897238836e-01
-3.111055741292754195e-01
-6.899345273719674765e-01
-9.216418326400688255e-01
3.952088306487056002e-01
-4.256107776074407045e-01
3.163282299162728517e-01
4.936353791675607283e-01
8.586656409687041247e-01
-6.745713019689458800e-01
2.679289375604512191e-01
-1.288596640513479663e-01
-9.777231509834423129e-01
-2.859422870617069901e-01
-7.702712659372110693e-01
6.988494831062355139e-01
-1.882704193092510359e-02
-5.025104516343508188e-01
3.179761942656866847e-01
3.729389069410347091e-01
8.857587719717421315e-01
-7.378748034395998801e-01
4.066135874558973740e-02
-9.331099530477828807e-01
-6.340198385760698052e-02
-9.924356504358604614e-01
3.604469249089943261e-01
-4.276427430260980600e-01
7.993714211053981611e-01
2.540722872439766800e-01
4.076311919575403842e-02
8.532333321539764537e-01
7.325568514576219492e-02
3.487322921161000178e-01
-3.686355993979599788e-01
-2.139983884070406628e-01
7.796154151949630240e-01
2.996272457632900288e-01
-4.739071938097061398e-02
3.272163083490928770e-01
7.186654188070558114e-01
-5.400191607501370061e-01
3.941936422610121671e-01
4.298862911899530292e-01
-7.049573523143841669e-01
9.994061984618731742e-01
2.884625969213105989e-01
-3.128596174002427066e-01
-3.703317687787488488e-02
-2.681170851251510889e-01
7.161641384901373808e-01
-2.262232822203211757e-01
-3.798878686891777878e-01
9.667846475172026111e-01
3.730370786030445807e-01
4.569707885390332791e-01
1.668181856592625412e-01
-6.361691002753244728e-01
5.541322838268138984e-01
2.056212524517511131e-01
-3.394534814088461250e-01
-8.720237037556741733e-01
-7.279575855594893063e-01
-6.700594915794850781e-01
-3.286191960396009915e-01
1.290668749303347518e-02
4.200234417986190572e-01
-8.986932058337853135e-01
-5.157479140235980974e-01
6.373898071821777478e-01
9.235722394964007709e-01
2.004866626616785830e-02
-5.348468762937741428e-01
1.847602163318660118e-01
-4.085005477214647129e-01
-7.528760227284718720e-01
-1.851076537756646267e-01
5.108774240048388204e-01
5.252049812703043496e-01
-5.795904159650853149e-01
-7.528444038267090299e-02
-4.047108642598240547e-01
-9.124347299155051161e-01
8.756140456038672415e-01
4.868757879882710249e-01
4.433306878924976324e-01
9.455637290428775543e-02
-9.212718825345442841e-01
6.124727040288442392e-01
-5.281156466210603639e-01
-3.976387604651450136e-01
-9.891450141267688068e-02
4.926899919705853836e-01
-3.894642625123203583e-01
-9.670849045786775733e-01
-7.559620997796976383e-01
9.137767971182715332e-01
-3.586233073567508534e-01
3.532391126156302352e-01
-2.909392103794958828e-01
-5.881044026822499493e-01
-4.208223850187287063e-02
-5.378885063819600632e-01
-8.677644795516188392e-01
5.955321514271827432e-02
-8.794289421227217129e-01
-7.695812316413630505e-01
-1.807859643923777071e-01
4.572621261926723690e-02
1.108351655244343981e-01
3.842436020205179936e-01
3.192684733957176224e-01
9.401408855320041447e-01
-2.474622825185750497e-01
-8.960072583928659906e-01
-4.032379870074975781e-01
3.835347890021778561e-01
5.134437540315550663e-01
-9.346672598138174859e-01
9.160182606355493640e-01
8.734451556491116264e-01
-1.974519452783900508e-01
-9.774479160176174908e-01
4.981129540554956048e-01
-5.628175791530760641e-01
-7.514490204761097303e-01
4.580311424130178999e-02
3.050734146358127230e-01
-6.824652219715408030e-01
-2.353905048190507721e-01
-8.797971947925065095e-02
6.408358008237415859e-01
-8.812087007135405159e-02
4.747517363376072552e-01
-8.810117386013869289e-01
-1.690573519788118872e-02
-7.976731959826857121e-01
9.685183464992861424e-01
4.522913977963212151e-01
7.358769844080814693e-01
5.283379083781554186e-01
1.182587693550729568e-02
3.315809498729609395e-01
4.980841221313478950e-01
-5.110626172808612200e-01
