2.160647383178462277e-01 8.640066063310305466e-01
9.294919567307230457e-01 4.960183079264142147e-01
3.092804232236517903e-01 8.363581774016773940e-01
4.918855441809816265e-01 2.953039589353068095e-02
6.449145138565910429e-01 8.574640065685990020e-02
2.979257720641758089e-01 6.740278487487195713e-01
8.027718948609161576e-01 1.462871186084850894e-01
7.335112375274093210e-01 4.057867392202529899e-01
9.237857659548487366e-02 4.157284340125796396e-01
2.988896750050443751e-01 1.946717486005534736e-01
8.232103414779716744e-01 8.952994856771788745e-01
4.541960344388165094e-01 3.344795542434338964e-01
7.256164633779922379e-01 1.535862201672352212e-01
4.764272963528088933e-01 8.696709200949269691e-01
6.264852119476503889e-01 6.252646887046239277e-01
6.415103646113221592e-01 7.829232060278312755e-02
2.424356828972556999e-01 5.585670354933471859e-01
1.623610262357951806e-01 9.707772338269095025e-01
1.468539762690272976e-01 4.100368446359095032e-01
9.601581433321887404e-01 5.588924296329204067e-01
3.517443668615223284e-01 3.371628434794328166e-01
2.680765851392714616e-01 7.382281080771664339e-01
6.501082582237650564e-01 4.395490095422610599e-01
6.602343334013218712e-01 8.588964289748355352e-01
9.415924872046583793e-01 6.668355358426802937e-03
1.359340598361036268e-02 6.578731011293312836e-01
1.291199596048777654e-01 2.045628340438412351e-01
8.410734987239676386e-02 6.603179753835568544e-01
8.560728792772451801e-01 8.047586188257966899e-01
7.337232190428903955e-01 6.874953174049616145e-01
6.792824684016665060e-01 7.830480600118614465e-01
4.616421760261099072e-01 3.880967662249650285e-01
6.553660808423400486e-01 5.761951576149251242e-01
1.585276970227312843e-01 4.896858911398837000e-01
7.993113909351664548e-01 3.579771329573133709e-01
5.241306616957110975e-01 9.807561282896470889e-02
6.771571553806762234e-01 1.337799852130826528e-01
1.008265762993103554e-01 2.511400577943616597e-01
9.322584795445254535e-02 3.498747150199604805e-01
8.053776825901326486e-02 1.088362059188837661e-01
3.496676939475783508e-01 7.812698828988446920e-01
3.982977390608537505e-01 8.005246830828038895e-01
2.757564985069982377e-02 5.742927074068672200e-01
6.868186136072919057e-01 8.599711453701709418e-01
9.393780922603590655e-01 6.655637388509787478e-01
2.928477359301041583e-01 6.815953200981792470e-01
4.792305127119875774e-01 9.944861334846843981e-01
2.166846964824011845e-01 8.897975090512298957e-01
6.458344817620531586e-02 7.831126845789604385e-01
2.334470951643614622e-01 8.492973936970840132e-01
9.883774562348445203e-01 3.510622673632234347e-01
3.661633312402470253e-01 2.710031453047425654e-01
8.284746982184514330e-01 1.575499826534398906e-02
5.949432694296316049e-01 7.369041009924980346e-01
5.522017131242515919e-01 6.454630427947335436e-01
9.325989188971206545e-02 7.405177017834508879e-01
4.271743846264259847e-01 6.789861285162388516e-01
5.890517620728077386e-01 4.765954669075714856e-01
8.871962039669560873e-01 4.862897947796044340e-01
6.926562175267291233e-01 2.548755615879616521e-02
7.339427509154483609e-01 5.015190695170750335e-01
1.212941652060802733e-01 2.621941557887733643e-01
5.821414800671821377e-01 3.704846359078044493e-01
9.857569123914078357e-02 1.683003291534035384e-03
3.740592627416872151e-01 4.261366366121329685e-01
3.157812262181908247e-01 1.855553400564727839e-01
1.028569734051288931e-01 1.792652008985001766e-01
6.021465776661379943e-01 1.097007270008423241e-01
1.970588940691575530e-02 5.812179153106498131e-01
4.431084787828948324e-01 7.466469922632065215e-01
6.675636071196348054e-01 3.615566249361104045e-01
4.640231090037391093e-01 3.179598058099550872e-01
6.982315317099146990e-01 1.074036625458665295e-01
1.883208398419368157e-01 4.026559207166048315e-01
4.588712331606618067e-01 6.507901176584431902e-01
2.995460648844415763e-01 7.811136851280238158e-01
2.290726221072241220e-01 6.559471802722363076e-01
9.162027678471598158e-01 5.416582108469304435e-01
5.167784967249148265e-01 9.147925103787242218e-01
5.870258274051559644e-01 9.021861823977871397e-01
1.521036815782950136e-02 6.381958539574911216e-01
8.963077484042575316e-01 7.140291494204344946e-01
3.821962535587457577e-01 2.656142950913432665e-01
3.529981824923367206e-02 4.712008282063375741e-01
2.635010294082953397e-01 6.665512660501129449e-01
2.467160761909128475e-01 6.771419565518588257e-01
3.243347512471976835e-01 3.728397811149698482e-01
8.473840555893574766e-01 1.306636426724472333e-02
9.301643790663258748e-01 7.604189333652388028e-01
4.336874930443165299e-01 2.594826839900675752e-01
7.573076554253306281e-01 7.567711074558228779e-01
2.870827664706320226e-01 3.760192636164190194e-01
7.886594288868412628e-01 4.542421243612128068e-01
3.852001295133204994e-01 5.388193688471445419e-01
2.049291644554968039e-01 4.635287987029490520e-02
1.125486182711294969e-01 3.575814229007162615e-01
9.336886082563373712e-01 3.868893561409045834e-01
1.545682907965552078e-01 6.657794685353953801e-01
2.721922466346811120e-01 5.924029081927679741e-01
5.119625718368883138e-01 4.214919311939255842e-01
5.062734996506554896e-01 8.300271745464402606e-01
5.343383870221529719e-01 6.079258620978458261e-01
8.279889060125441569e-01 5.449286074665493640e-02
5.767395684705215464e-01 2.193126633690281047e-01
6.346784307046160478e-02 6.655059338690882953e-01
8.243352713249881836e-01 4.895334261245457563e-01
5.900289515861711909e-02 7.280662457128249665e-01
9.819894036072637222e-01 5.188309166852609344e-01
4.162252900829885860e-01 8.605195228034474564e-01
1.035769273883129227e-01 2.136090030610834356e-01
7.982428871887521371e-01 7.463073510506438302e-01
8.410655549736478775e-02 8.467097812934247791e-01
1.457884948746546172e-01 9.544433732088418720e-01
1.065601615660922707e-01 3.657872725596590380e-01
7.899167772398810738e-01 3.397797259590829011e-02
1.044745180805587426e-01 9.658415709165852903e-01
9.335897848154679490e-01 4.277130888615281457e-01
3.278476937920493661e-01 4.253517625852220041e-01
9.226464974674408737e-02 3.381061125822959479e-01
9.721211893598628029e-01 2.422148193972669672e-01
1.438650102216278981e-01 4.534553797685630938e-01
7.429321569974214334e-01 8.635913016575995638e-01
7.993766977450450506e-01 6.430814505181035035e-01
2.568206273994646516e-01 9.728022247925162125e-01
2.070038405794606406e-01 1.368844966245019723e-01
5.968281608378888103e-01 8.583349912749463906e-01
3.155576000571780337e-02 9.162511873591191458e-01
1.757003570493957945e-01 9.431323460188878460e-02
2.933329118431580174e-01 8.053615309315828030e-01
9.830892524285270717e-01 5.730531033217253212e-01
5.650842313503653402e-01 9.318057419107176331e-01
5.614348655801015830e-01 8.742180020266768770e-01
5.760935696373196135e-01 5.115426587140238235e-01
1.594438639971262894e-01 6.756745655073871371e-01
9.217258933008894983e-01 1.584117722838329634e-01
5.658160751271820166e-01 2.674976223054221780e-01
7.472911864226424727e-01 8.468095245833695550e-03
2.405568047489671235e-01 3.416760703615163708e-01
5.433070446744321380e-01 8.663419928981297424e-01
1.055931169187629415e-02 5.472540705568620378e-01
3.425991286087601839e-01 9.706855516292731689e-01
7.746652944536212004e-01 3.446664524758429327e-01
8.897638067581312704e-01 4.277369004343857251e-01
3.355603353843855663e-01 5.918413027034125085e-01
2.180536607484697686e-01 2.680951729917653292e-01
6.463399627930566105e-01 6.506423209513537698e-01
5.939054619321739725e-01 8.502441247417038550e-01
4.190719072359491149e-01 9.399006710448187807e-01
6.215934073233131407e-02 9.752454585208271132e-01
4.508775929071323629e-01 7.617420989902661255e-01
4.106672469276466675e-01 3.596079837169858795e-01
5.127559263668942657e-01 8.083480826790890861e-01
5.094710767443683119e-01 6.529037825844186127e-01
4.009478477481108749e-01 6.501156670539620652e-01
6.226690508160613868e-01 6.307303653478562033e-01
3.415445567467083610e-01 6.137244166134925294e-01
5.960164415664026549e-02 6.164695393386955269e-01
5.991901232122290866e-01 7.469429183946951767e-01
5.375889764892669564e-01 6.378987550386969740e-01
1.551657171849695205e-01 5.755360233993002117e-01
8.768013142021943152e-01 2.797515208165892719e-01
6.906612242526841694e-01 6.989449465237546066e-01
2.324959492927485272e-01 8.257677814014622308e-01
6.963660513203255853e-01 8.769303015824148062e-02
5.624224891975394547e-01 6.504603638718247094e-01
8.099813600083912712e-01 4.668646609946076609e-01
5.661786339162053761e-01 2.200934379485047776e-01
1.553788090596490701e-01 1.354510917789357727e-01
1.134663652703342684e-01 8.346165084461338868e-01
2.190542051761413811e-01 6.957643966444327921e-01
9.661653493479105403e-02 6.944322185393987379e-01
7.079799007382061582e-01 5.377436249520713973e-01
7.126616245045757081e-01 6.928870758515519590e-01
7.435036963401607801e-01 9.573656725728618699e-02
4.884057095277947180e-01 5.934382691176215419e-01
8.298317368017187334e-01 4.069910893338012370e-01
1.798673903107472771e-01 3.868453505813205240e-01
3.406641525936785486e-01 9.974696332737483795e-01
3.472294940624595094e-01 5.426219598411370360e-01
4.566734069628121118e-01 9.052950903321176357e-01
2.938088024559581957e-01 8.739464348542175243e-01
3.831282775367310656e-01 1.347023325736496080e-02
5.201552417460377775e-01 5.918409281392804644e-01
2.093981143887692076e-01 9.198112324960118213e-01
9.571084953726451960e-01 3.218172511312201722e-01
9.418178595266321063e-01 1.428126891138452592e-01
8.260423319523666486e-01 2.046778610356552175e-01
7.249437843802770676e-01 2.117520840096271950e-01
3.196596100117216066e-01 8.242868884188589984e-01
5.363558863525325071e-01 9.350208180129065960e-01
9.460638466436362970e-01 9.739133331081804013e-01
2.255925986716456055e-01 1.643857839568297896e-01
8.186850876424486279e-01 1.821467070853690640e-01
2.293182401647118063e-01 4.952050173177751091e-01
6.844407263150137366e-01 5.189462765669294875e-02
4.971340820096159518e-02 9.295251661072989613e-01
2.592291842323086737e-01 5.213824786072274176e-01
5.250371038512346988e-02 5.392635317638327930e-02
2.450527785669595060e-01 2.435417124732596195e-01
6.984120778191532652e-01 3.449657610246106287e-01
1.971234822552125898e-01 3.233863777137513384e-02
8.884321029842225936e-01 8.070319725147857559e-01
4.634819107498705515e-01 1.603452545993568901e-01
8.040574716661595955e-01 7.812110734939400336e-01
6.931701555777259882e-01 1.411327179477702698e-01
9.783093544773719952e-01 9.863009559765425482e-01
2.002830507230292101e-01 9.565251753359657050e-01
5.394269026600240213e-01 9.357351150463822931e-01
1.628152015495076821e-02 9.948066021443727758e-01
3.091398604077925105e-01 2.741942625008515488e-01
6.255712945620657273e-01 3.557535437616823337e-01
3.855417909417674371e-01 2.509843617161311435e-01
2.370350103569247580e-01 7.089059677443336760e-01
8.133842156141352087e-01 1.154825316001436564e-01
6.794199391992670201e-01 4.636515973037642624e-01
2.448743044753198816e-01 1.870662746107923935e-01
3.706032697015644306e-01 5.436240286823399437e-01
8.930450194526040608e-01 9.870096679835272946e-01
6.015522266702777454e-02 7.514477877423412222e-01
1.455432200239534790e-01 8.869326633757532719e-01
3.475074894755749710e-01 4.510206931542208864e-01
1.243790107045021909e-01 3.684671551597551442e-01
1.641938827347555474e-01 5.585815944768449670e-01
6.268719976915411163e-01 9.115097687093655088e-01
7.045657413704978778e-01 1.775710928103767516e-01
8.170798112852840633e-01 4.849837125087930190e-01
3.233981496033377923e-01 8.843221560703812267e-01
4.637590439962291367e-01 9.541099578693390537e-01
3.326083584947135963e-01 8.175650979290438602e-01
2.238421416397610164e-01 2.812516807429884524e-01
5.678755803334928354e-01 1.970480216551324659e-01
5.723530368232846444e-01 3.118505940518734310e-02
2.383754248070643067e-01 8.266736458929108133e-01
7.100755273087642205e-01 1.416423440671377154e-01
1.810618619054621403e-01 9.300755083916718569e-01
8.463179525026626182e-01 6.451674371228490745e-01
5.666711580184496944e-01 1.322199526985231577e-01
4.196931628339396481e-01 7.662994233450981518e-02
1.222927255557005877e-01 8.341137841128439812e-01
8.399192011220877330e-01 7.820711573195717747e-01
4.000222344587422985e-01 1.937395734585869445e-01
6.651592282926406252e-01 3.793207600248149625e-03
2.258087894556848330e-02 4.259447546526735628e-01
4.699446668173304920e-01 3.969849824174161990e-01
3.627759103793238848e-01 4.699699882489045688e-01
8.607338098608023902e-01 7.763075867642547090e-01
1.876005899527853904e-01 7.301858080441612220e-01
3.781800218208445363e-01 1.565864066538091848e-02
6.093118019506693628e-01 4.886431418495423840e-01
5.651687075173973396e-01 9.368766613885423089e-01
7.661878489163107542e-01 7.882656292720479074e-01
2.498592248876264632e-01 3.079689318616650739e-01
2.617109646830164671e-01 1.195561554519525282e-01
9.744636030085723766e-01 1.044198542668519636e-01
5.153526024673251715e-01 5.556823020356274068e-01
3.229055811308090274e-02 3.407669274172498985e-01
